close_pct_change: 0.0007120153931457374
high_pct_change: 0.0006246373007070279
low_pct_change: 0.0006507526101762606
open_pct_change: 0.0012037984550457748
volume_pct_change: 93.40641346650891
