close_pct_change: 0.0007099291163858017
high_pct_change: 0.000622539022316867
low_pct_change: 0.0006486577866188186
open_pct_change: 0.001261769476794463
volume_pct_change: 93.53547603605676
