close_pct_change: 0.0011425124714022608
high_pct_change: 0.0009699619189171603
low_pct_change: 0.0010287066120565765
open_pct_change: 0.00041028497409096036
volume_pct_change: 326.6640675488987
